2276249994
1359939991
83675050
179507165
590762696
294660085
227952272
1510912903
2441730108
317755434
50362019
90630281
945120542
48775255
242269579
376139574
12777932
1721517882
52767262
2897242034
9424472
2854613942
709332878
574540988
268151321
2799345199
84254406
518563477
2799336595
2419134962
2799388735
2798011873
995215446
19035129
2620150772
35689802
57573590
16868938
9333162
18185731
279436387
14664929
10603592
16072221
180505807
16147252
2339206393
1591525880
622922382
2154665286
826248650
367006651
883374654
2191822123
1905051990
838951045
1946514756
225783381
288261352
1890578198
590978890
64403640
184532729
207074572
740281315
826444496
814413812
176076858
168568931
1557149419
16509921
175567152
856749720
619656257
270127894
40051345
359927071
78634969
1227342722
134098326
628241793
622975409
977511637
883973635
486312278
151124507
295161794
297174372
354847710
70401175
145573528
1241092111
134184454
373992248
17091471
1141295468
271465015
209170243
93824642
112888228
973557018
140900726
1022246612
213203722
12740012
247777913
177119255
325563973
9366932
52960613
56996646
14749606
59341822
75971870
57613851
16851230
273474706
532288852
377194407
270336641
828707838
260653672
37731133
278460899
601653281
270104001
85820673
75774049
253362716
372854647
60289178
406874430
30634976
96973371
10228272
367219121
149140474
552606519
322117489
557709183
155524621
140111347
153501207
178971589
136559812
230637123
245748261
370875593
260741401
87421913
154798393
62645587
89604919
80567742
226559948
143740479
